e
43
45
129
170
190
250
259
287
329
359
384
413
420
434
506
523
537
541
576
586
608
614
631
671
716
721
730
747
771
773
779
794
796
826
832
837
861
932
940
950
971
990
1000
1014
1029
1042
1112
1134
1137
1148
1154
1167
1204
1276
1285
1369
1389
1394
1411
1416
1436
1445
1464
1492
1498
1551
1721
1731
1745
1844
1870
1908
1926
1940
1963
1983
2031
2037
2047
2090
2104
2181
2208
2236
2238
2264
2281
2308
2355
2380
2404
2414
2416
2435
2463
2478
2492
2505
2510
2535
2565
2608
2664
2667
2710
2728
2759
2763
2775
2781
2784
2787
2793
2888
2922
2949
3001
3035
3043
3075
3078
3109
3113
3168
3211
3215
3218
3248
3268
3270
3280
3296
3361
3397
3404
3408
3415
3419
3426
3429
3432
3511
3528
3575
3627
3646
3684
3691
3700
3780
3804
3853
3879
3881
3918
3938
3942
3944
3953
3957
3959
3964
3968
4025
4050
4061
4070
4088
4129
4131
4159
4173
4198
4255
4294
4308
4339
4433
4452
4472
4486
4492
4514
4519
4534
4552
4598
4634
4677
4684
4733
4789
4822
4825
4836
4848
4857
4872
4897
4913
4926
4967
4999
5033
5044
5049
5065
5068
5079
5096
5117
5119
5123
5166
5176
5187
5206
5219
5251
5302
5340
5399
5416
5455
5466
5476
5495
5532
5539
5556
5565
5574
5584
5587
5600
5623
5665
5680
5694
5725
5742
5795
5859
5894
5976
5981
6019
6023
6037
6050
6087
6105
6167
6169
6178
6230
6237
6246
6290
6329
6360
6385
6398
6416
6443
6491
6499
6512
6532
6551
6568
6603
6632
6635
6660
6676
6745
6801
6817
6831
6837
6944
6962
6969
6981
7016
7025
7050
7056
7103
7155
7214
7222
7278
7388
7407
7412
7474
7490
7505
7535
7540
7556
7563
7570
7613
7625
7633
7644
7695
7764
7860
7929
7933
7969
8011
8013
8020
8031
8068
8083
8117
8128
8147
8183
8221
8229
8236
8241
8248
8323
8339
8343
8366
8412
8440
8450
8465
8475
8494
8515
8525
8546
8599
8611
8614
8633
8647
8663
8668
8671
8685
8706
8712
8733
8753
8757
8806
8814
8830
8934
8945
8951
8978
9018
9022
9047
9091
9115
9120
9147
9203
9228
9270
9298
9393
9431
9484
9509
9544
9547
9556
9576
9587
9612
9648
9693
9754
9763
9820
9861
9868
9893
9908
9920
9927
9933
9938
9944
9961
9965
9983
9988
10004
10007
10010
10013
10022
10024
10026
10050
10080
10085
10089
10103
10138
10147
10153
10157
10170
10175
10199
10254
10258
10264
10274
10297
10346
10373
10377
10431
10435
10445
10474
10482
10504
10569
10591
10670
10679
10688
10720
10812
10820
10852
10863
10894
10921
10930
10934
10980
10991
10999
11057
11100
11121
11135
11182
11190
11215
11220
11224
11258
11270
11285
11294
11305
11331
11339
11398
11403
11425
11490
11492
11494
11521
11561
11588
11616
11618
11624
11636
11683
11748
11756
11787
11824
11839
11847
11918
11932
11956
11961
11985
12003
12014
12068
12092
12110
12170
12188
12227
12248
12262
12293
12338
12349
12361
12379
12400
12410
12429
12445
12465
12572
12631
12652
12706
12755
12772
12783
12931
12934
12945
13018
13097
13105
13130
13191
13199
13311
13334
13360
13374
13380
13407
13449
13468
13481
13513
13549
13557
13564
13641
13660
13675
13682
13700
13710
13772
13786
13816
13820
13849
13863
13880
13892
13937
13986
14031
14061
14095
14100
14136
14157
14179
14239
14245
14265
14290
14345
14364
14383
14392
14425
14428
14446
14451
14485
14521
14528
14542
14605
14630
14659
14669
14701
14713
14721
14726
14735
14756
14767
14777
14812
14833
14841
14865
14877
14901
14915
14973
14980
14987
14992
15033
15065
15080
15085
15104
15150
15176
15194
15207
15260
15313
15346
15356
15427
15471
15496
15537
15557
15561
15578
15591
15599
15603
15630
15647
15650
15658
15665
15693
15697
15725
15777
15790
15793
15829
15890
15955
15958
15967
15986
16008
16015
16035
16080
16092
16130
16137
16179
16250
16253
16261
16287
16304
16310
16374
16391
16403
16446
16455
16464
16509
16518
16534
16579
16598
16606
16622
16639
16666
16674
16686
16692
16706
16773
16836
16856
16863
16870
16954
16980
16982
17007
17041
17075
17116
17122
17136
17154
17186
17212
17228
17236
17256
17275
17280
17307
17338
17356
17398
17413
17475
17486
17490
17517
17545
17550
17603
17607
17618
17632
17676
17696
17703
17726
17797
17801
17814
17824
17838
17848
17960
17984
18002
18020
18056
18073
18131
18166
18178
18269
18283
18321
18353
18373
18376
18390
18417
18465
18543
18576
18585
18613
18626
18751
18778
18807
18826
18880
18889
18903
18940
18979
18985
18988
19007
19011
19017
19024
19030
19053
19096
19099
19119
19137
19139
19175
19225
19235
19303
19319
19369
19388
19391
19398
19413
19420
19423
19447
19469
19482
19487
19522
19537
19544
19550
19591
19594
19633
19645
19667
19679
19690
19699
19757
19764
19780
19887
19919
19938
19963
19994
20015
20043
20068
20076
20085
20113
20118
20161
20178
20192
20212
20240
20307
20316
20324
20328
20330
20332
20392
20396
20419
20463
20466
20470
20484
20490
20496
20502
20507
20511
20549
20569
20611
20618
20641
20665
20682
20686
20699
20721
20724
20750
20783
20812
20837
20873
20882
20921
20949
20955
21045
21057
21063
21065
21085
21118
21171
21212
21247
21277
21326
21331
21355
21375
21401
21420
21433
21452
21495
21520
21539
21570
21579
21593
21599
21632
21677
21690
21712
21746
21817
21829
21831
21849
21927
21973
21977
22012
22081
22088
22125
22128
22136
22154
22176
22188
22190
22224
22231
22243
22268
22277
22303
22307
22311
22328
22375
22424
22435
22522
22534
22547
22572
22592
22645
22685
22687
22702
22704
22719
22733
22737
22758
22804
22808
22865
22875
22923
23007
23012
23070
23077
23090
23171
23180
23186
23224
23231
23238
23263
23266
23296
23302
23323
23368
23370
23377
23392
23410
23431
23434
23436
23442
23448
23486
23535
23549
23555
23563
23578
23581
23595
23598
23653
23681
23695
23710
23714
23734
23793
23799
23868
23920
23984
23996
24025
24107
24119
24133
24143
24146
24156
24162
24198
24231
24240
24289
24292
24309
24315
24354
24360
24403
24412
24420
24430
24435
24438
24450
24459
24504
24543
24550
24563
24592
24607
24614
24623
24633
24659
24680
24691
24704
24717
24723
24730
24738
24754
24768
24793
24795
24806
24815
24868
24874
24894
24927
24954
24971
24974
24982
24999
25012
25087
25089
25112
25171
25200
25242
25277
25279
25290
25326
25347
25389
25419
25439
25517
25530
25589
25594
25609
25623
25633
25639
25648
25652
25745
25768
25797
25812
25840
25852
25865
25889
25917
25923
25971
26054
26088
26127
26141
26157
26181
26228
26239
26243
26267
26284
26299
26306
26351
26404
26413
26437
26439
26452
26471
26478
26508
26520
26522
26529
26543
26556
26619
26628
26638
26654
26687
26773
26807
26817
26844
26864
26872
26874
26918
26942
26978
27009
27026
27037
27042
27088
27109
27143
27154
27159
27265
27363
27371
27402
27410
27443
27454
27472
27489
27514
27547
27552
27581
27590
27629
27635
27677
27698
27707
27742
27763
27778
27782
27798
27851
27878
27890
27930
27990
28008
28041
28052
28114
28119
28182
28266
28269
28272
28286
28312
28371
28407
28418
28433
28466
28507
28596
28613
28627
28657
28689
28696
28710
28751
28756
28766
28806
28848
28866
28879
28883
28928
28962
28991
28995
29008
29010
29015
29023
29049
29056
29111
29132
29151
29164
29252
29257
29344
29357
29370
29387
29413
29419
29565
29583
29596
29633
29663
29692
29747
29753
29780
29793
29834
29867
29875
29881
29970
29974
29999
30044
30048
30064
30073
30102
30229
30252
30294
30297
30305
30343
30353
30356
30361
30388
30393
30404
30422
30439
30449
30522
30533
30548
30559
30594
30624
30636
30657
30709
30730
30783
30820
30841
30883
30910
30941
30956
30973
30980
31014
31048
31077
31094
31212
31246
31249
31261
31307
31359
31381
31405
31410
31433
31441
31463
31503
31511
31517
31536
31564
31577
31593
31612
31618
31631
31679
31705
31745
31777
31796
31844
31983
32015
32057
32097
32180
32215
32243
32265
32268
32288
32324
32329
32345
32350
32368
32370
32400
32421
32432
32444
32450
32481
32524
32556
32575
32590
32627
32645
32658
32725
32728
32776
32779
32814
32839
32852
32914
32975
33052
33101
33132
33158
33160
33162
33164
33218
33223
33236
33270
33346
33360
33376
33414
33436
33455
33473
33491
33532
33566
33585
33593
33599
33645
33665
33672
33733
33760
33764
33777
33799
33802
33826
33851
33862
33905
33925
33934
33941
33974
33979
34002
34033
34040
34105
34122
34133
34162
34184
34201
34207
34221
34267
34272
34284
34295
34314
34347
34359
34379
34442
34471
34478
34555
34665
34668
34671
34679
34764
34786
34819
34879
34993
35012
35022
35119
35126
35133
35327
35353
35386
35450
35466
35566
35588
35598
35619
35728
35761
35789
35802
35863
35881
35884
35900
35967
36042
36105
36107
36128
36211
36259
36284
36320
36377
36395
36418
36452
36505
36527
36530
36534
36539
36543
36568
36584
36610
36613
36623
36645
36675
36687
36725
36728
36792
36800
36803
36809
36821
36823
36844
36873
36879
36937
36953
36979
36984
36986
37013
37050
37053
37153
37166
37257
37300
37317
37336
37351
37364
37377
37387
37437
37451
37459
37477
37493
37503
37511
37513
37575
37597
37679
37705
37714
37724
37776
37846
37853
37914
37920
37960
37965
37994
38013
38035
38044
38079
38090
38103
38121
38151
38267
38274
38285
38307
38338
38353
38362
38394
38459
38503
38505
38517
38524
38531
38593
38617
38627
38682
38699
38716
38740
38762
38800
38901
38904
38913
38972
39032
39040
39048
39051
39060
39072
39142
39146
39172
39191
39203
39234
39240
39261
39271
39280
39337
39352
39358
39370
39372
39384
39401
39403
39407
39429
39445
39459
39468
39472
39483
39544
39574
39612
39651
39675
39677
39691
39773
39775
39782
39815
39826
39832
39839
39864
39910
39921
39933
39946
39985
40031
40033
40049
40052
40065
40087
40090
40098
40105
40113
40117
40132
40134
40136
40153
40169
40222
40256
40291
40310
40324
40331
40371
40376
40379
40384
40418
40423
40429
40458
40487
40492
40503
40508
40513
40565
40588
40609
40671
40677
40685
40715
40733
40762
40790
40838
40906
40914
40938
40942
40947
40960
40998
41005
41051
41071
41081
41128
41137
41151
41154
41171
41198
41210
41212
41226
41243
41275
41294
41325
41342
41386
41388
41395
41411
41424
41453
41469
41497
41510
41515
41567
41569
41575
41585
41607
41618
41687
41697
41707
41723
41727
41754
41766
41818
41830
41853
42028
42037
42069
42079
42091
42123
42136
42148
42161
42164
42179
42308
42321
42342
42347
42363
42387
42392
42464
42479
42509
42533
42543
42573
42605
42628
42639
42642
42666
42707
42724
42734
42810
42830
42838
42847
42869
42886
42903
42918
42935
42970
42982
42990
42995
43014
43102
43111
43133
43139
43210
43235
43259
43272
43282
43332
43350
43393
43410
43440
43515
43540
43543
43553
43579
43611
43623
43664
43676
43711
43787
43835
43863
43883
43899
43931
43934
43937
43952
43954
43978
44027
44037
44045
44049
44094
44153
44187
44227
44291
44325
44447
44455
44459
44504
44587
44598
44602
44654
44677
44702
44730
44741
44770
44841
44850
44874
44886
44896
44920
44954
44963
44981
45013
45029
45031
45033
45061
45090
45124
45170
45198
45205
45226
45230
45258
45301
45338
45340
45352
45363
45399
45417
45436
45474
45484
45501
45556
45565
45590
45592
45598
45606
45737
45761
45788
45888
45898
45911
45930
45940
45948
45969
45981
46004
46012
46032
46091
46138
46150
46162
46245
46264
46301
46424
46426
46428
46440
46524
46569
46642
46671
46678
46695
46708
46721
46733
46774
46781
46798
46810
46826
46828
46883
46892
46914
46946
46982
47024
47033
47036
47080
47124
47135
47195
47261
47274
47313
47320
47325
47333
47380
47421
47430
47497
47503
47507
47510
47554
47588
47624
47631
47640
47651
47681
47701
47706
47727
47740
47789
47810
47957
47966
47980
48011
48043
48062
48123
48139
48152
48257
48275
48287
48290
48293
48301
48327
48332
48381
48387
48390
48394
48401
48405
48412
48437
48450
48454
48569
48609
48618
48666
48676
48686
48712
48743
48748
48788
48808
48843
48859
48977
48983
48991
48997
49007
49021
49023
49038
49103
49126
49177
49213
49227
49232
49241
49257
49314
49321
49348
49352
49385
49402
49419
49425
49469
49568
49706
49736
49747
49797
49802
49818
49839
49859
49865
49888
49914
49930
49956
49963
50016
50023
50058
50066
50075
50082
50101
50113
50144
50158
50179
50183
50197
50207
50223
50231
50264
50271
50297
50300
50323
50329
50359
50384
50416
50492
50513
50534
50540
50543
50559
50604
50609
50648
50662
50666
50694
50697
50707
50796
50811
50845
50858
50970
51003
51009
51023
51031
51036
51066
51168
51197
51224
51245
51284
51295
51311
51315
51386
51405
51462
51486
51520
51571
51600
51607
51655
51674
51706
51749
51799
51844
51855
51865
51936
51950
51991
52005
52063
52120
52150
52246
52265
52292
52316
52320
52369
52404
52423
52429
52456
52489
52494
52502
52530
52547
52559
52566
52603
52616
52645
52656
52699
52714
52728
52733
52767
52771
52814
52862
52864
52877
52906
52943
52952
52959
52980
52989
53050
53073
53103
53110
53126
53138
53151
53165
53207
53242
53276
53320
53354
53370
53437
53439
53456
53474
53492
53562
53572
53610
53617
53631
53700
53729
53779
53784
53786
53796
53802
53826
53850
53920
53954
54051
54053
54064
54066
54086
54248
54255
54276
54319
54325
54374
54380
54385
54388
54394
54401
54428
54430
54436
54446
54462
54488
54529
54538
54555
54558
54616
54654
54656
54666
54722
54754
54769
54804
54906
54985
55012
55024
55057
55089
55121
55143
55155
55167
55174
55189
55197
55226
55247
55320
55428
55448
55473
55483
55497
55517
55539
55551
55558
55569
55609
55657
55698
55709
55752
55786
55797
55821
55839
55845
55855
55859
55907
55952
56009
56021
56031
56114
56126
56222
56230
56285
56311
56315
56433
56451
56469
56473
56518
56552
56564
56576
56601
56642
56644
56653
56658
56660
56662
56703
56707
56727
56729
56745
56747
56767
56770
56781
56823
56840
56845
56874
56876
56914
56929
56952
56964
56975
56979
56995
57002
57018
57079
57102
57114
57157
57169
57177
57185
57191
57271
57296
57315
57360
57473
57498
57507
57519
57530
57545
57571
57666
57678
57692
57868
57901
57933
57971
58021
58042
58090
58110
58131
58140
58163
58171
58182
58209
58231
58245
58269
58306
58308
58317
58375
58389
58394
58411
58413
58446
58464
58488
58505
58508
58512
58525
58543
58600
58648
58661
58716
58732
58748
58775
58781
58799
58810
58814
58831
58840
58850
58867
58885
58887
58912
58964
58991
59000
59013
59066
59077
59084
59097
59110
59159
59209
59221
59229
59239
59286
59321
59353
59357
59397
59418
59456
59471
59480
59492
59500
59527
59540
59545
59626
59653
59670
59677
59679
59684
59719
59725
59728
59739
59779
59785
59814
59828
59858
59870
59878
59893
59901
59910
59921
59940
59950
59966
59972
60018
60031
60085
60092
60095
60115
60142
60174
60185
60208
60258
60314
60361
60391
60415
60417
60442
60463
60469
60477
60533
60582
60597
60618
60623
60702
60747
60765
60777
60821
60834
60836
60839
60891
60919
60925
60955
60969
60975
60996
61109
61147
61155
61217
61251
61280
61322
61336
61351
61390
61402
61426
61430
61434
61443
61454
61472
61506
61590
61618
61670
61689
61691
61695
61710
61736
61748
61777
61782
61804
61816
61839
61842
61846
61889
61903
61917
61947
61971
61976
62000
62043
62085
62099
62104
62110
62129
62163
62191
62206
62211
62226
62237
62243
62462
62480
62503
62505
62565
62588
62594
62606
62623
62736
62750
62783
62788
62845
62865
62868
62890
62896
62912
62937
62984
62992
63006
63012
63022
63027
63051
63066
63095
63103
63150
63155
63169
63216
63235
63255
63292
63323
63339
63373
63403
63407
63418
63443
63448
63472
63489
63512
63548
63582
63621
63705
63728
63743
63781
63794
63819
63833
63870
63882
63929
63977
63980
63983
64002
64035
64042
64045
64069
64144
64158
64169
64179
64181
64220
64222
64256
64273
64287
64307
64324
64337
64378
64420
64436
64471
64481
64484
64487
64506
64514
64545
64550
64571
64740
64754
64833
64910
64941
64972
65022
65025
65031
65101
65171
65181
65224
65232
65242
65244
65255
65258
65286
65289
65326
65351
65421
65455
65486
65489
65507
65509
65560
65594
65670
65686
65716
65722
65819
65822
65839
65875
65890
65907
65933
65987
66016
66028
66071
66084
66096
66106
66150
66241
66253
66389
66407
66449
66479
66503
66507
66522
66559
66580
66582
66642
66702
66714
66729
66759
66782
66869
66880
66901
66908
66910
66913
66926
66937
66946
66963
67003
67006
67072
67081
67108
67121
67135
67183
67188
67268
67274
67287
67310
67323
67339
67359
67363
67366
67369
67373
67402
67446
67461
67471
67490
67497
67513
67535
67537
67540
67596
67598
67605
67608
67616
67636
67709
67722
67749
67783
67790
67804
67813
67828
67837
67870
67892
67942
67947
67974
67980
67996
68032
68046
68070
68117
68127
68185
68219
68222
68236
68275
68289
68298
68322
68339
68353
68361
68372
68401
68444
68513
68536
68542
68556
68655
68699
68707
68726
68791
68797
68806
68813
68819
68827
68840
68851
68860
68887
68938
68970
69064
69091
69129
69192
69230
69240
69290
69306
69336
69355
69379
69443
69564
69567
69634
69651
69656
69665
69667
69685
69728
69756
69791
69861
69910
69925
69957
69960
69971
69983
69986
69996
70036
70078
70113
70180
70189
70219
70260
70263
70323
70344
70365
70393
70413
70431
70434
70445
70519
70533
70557
70562
70567
70605
70612
70669
70692
70695
70758
70760
70777
70790
70828
70836
70867
70921
70938
70999
71041
71079
71133
71190
71202
71212
71233
71252
71260
71282
71288
71320
71333
71356
71380
71410
71416
71422
71451
71471
71487
71561
71589
71598
71661
71681
71723
71731
71784
71786
71791
71794
71801
71805
71855
71889
71913
71953
72026
72048
72076
72143
72217
72257
72287
72305
72310
72333
72375
72471
72544
72548
72593
72617
72624
72627
72641
72643
72646
72676
72690
72769
72814
72879
72884
72888
72937
72961
72978
72985
73008
73019
73023
73046
73072
73074
73106
73122
73165
73171
73193
73222
73233
73271
73325
73347
73353
73369
73377
73467
73506
73509
73529
73545
73555
73574
73577
73594
73621
73638
73640
73660
73666
73720
73725
73740
73763
73777
73820
73824
73834
73868
73870
73904
73917
73920
73936
73958
73971
73977
73983
74021
74023
74041
74078
74094
74107
74158
74187
74207
74241
74244
74278
74305
74309
74388
74405
74419
74434
74439
74446
74448
74465
74472
74474
74494
74535
74542
74554
74585
74600
74636
74737
74757
74781
74810
74821
74921
74996
75025
75043
75057
75173
75259
75304
75355
75358
75365
75368
75393
75419
75457
75467
75483
75494
75549
75563
75572
75581
75629
75636
75647
75650
75663
75689
75710
75739
75762
75766
75784
75822
75833
75845
75847
75877
75900
75912
75954
75964
75967
75973
75997
76005
76034
76055
76135
76150
76165
76221
76232
76292
76307
76325
76409
76414
76458
76528
76561
76605
76627
76655
76683
76770
76775
76782
76805
76812
76834
76848
76862
76887
76896
76926
76929
76935
76982
77000
77031
77100
77211
77226
77232
77259
77280
77283
77332
77344
77407
77463
77503
77512
77522
77536
77542
77559
77576
77613
77620
77626
77664
77669
77730
77737
77751
77753
77820
77848
77921
77924
77938
77943
77982
77985
78015
78034
78078
78084
78132
78142
78206
78224
78325
78334
78374
78472
78553
78570
78647
78651
78675
78682
78723
78729
78733
78741
78744
78757
78800
78838
78847
78869
78878
78930
78944
78996
79017
79022
79118
79148
79151
79211
79225
79231
79233
79250
79256
79285
79292
79330
79376
79392
79398
79407
79424
79475
79482
79496
79525
79567
79573
79595
79647
79684
79700
79704
79726
79737
79766
79801
79813
79821
79829
79834
79851
79879
79946
79969
80048
80066
80070
80101
80129
80133
80155
80176
80200
80245
80278
80341
80357
80412
80487
80551
80573
80599
80602
80614
80618
80620
80634
80657
80661
80722
80724
80777
80787
80798
80803
80812
80863
80868
80874
80879
80911
80957
80965
80967
80996
81000
81035
81040
81055
81134
81146
81156
81165
81173
81186
81189
81202
81252
81327
81411
81428
81446
81457
81468
81472
81487
81490
81510
81534
81554
81562
81567
81577
81579
81584
81591
81593
81643
81653
81658
81680
81698
81710
81758
81774
81811
81834
81847
81856
81866
81893
81895
81900
81905
81908
81913
81935
81984
81999
82061
82116
82118
82121
82148
82180
82199
82210
82231
82245
82270
82309
82328
82347
82353
82376
82434
82455
82459
82470
82478
82481
82491
82511
82514
82517
82574
82582
82640
82660
82706
82718
82765
82780
82793
82898
82900
82926
82933
82972
83006
83015
83018
83082
83085
83091
83116
83145
83160
83181
83188
83205
83230
83234
83248
83275
83334
83338
83351
83379
83381
83388
83420
83426
83477
83480
83492
83498
83508
83514
83526
83543
83552
83574
83591
83617
83626
83643
83709
83877
83898
83931
83946
83984
83999
84030
84053
84076
84096
84099
84108
84153
84155
84183
84210
84219
84224
84235
84240
84250
84288
84293
84303
84341
84348
84355
84370
84372
84374
84406
84427
84437
84450
84452
84454
84471
84479
84492
84535
84581
84587
84593
84623
84636
84654
84656
84684
84694
84751
84775
84827
84831
84834
84946
85003
85039
85048
85123
85135
85140
85182
85205
85212
85219
85231
85289
85318
85420
85433
85435
85444
85447
85536
85539
85599
85615
85639
85711
85749
85766
85799
85822
85832
85864
85949
86016
86019
86093
86105
86115
86134
86136
86146
86155
86193
86209
86213
86255
86323
86350
86378
86388
86396
86427
86429
86444
86473
86485
86520
86524
86535
86543
86567
86602
86629
86653
86663
86722
86750
86807
86831
86837
86842
86844
86850
86852
86854
86859
86875
87005
87013
87051
87058
87080
87101
87118
87196
87260
87274
87278
87296
87414
87425
87443
87529
87546
87622
87638
87646
87679
87696
87716
87725
87732
87738
87742
87748
87769
87780
87791
87799
87855
87869
87893
87920
87957
87968
88000
88025
88055
88141
88145
88190
88227
88244
88257
88318
88350
88465
88491
88502
88535
88560
88608
88681
88691
88735
88773
88793
88818
88859
88864
88872
88962
89080
89112
89137
89169
89174
89212
89256
89317
89334
89542
89596
89611
89626
89654
89678
89692
89711
89734
89749
89759
89770
89777
89784
89822
89824
89835
89837
89882
89892
89913
89923
89939
90022
90046
90057
90060
90140
90143
90166
90202
90223
90228
90238
90245
90276
90314
90321
90340
90344
90387
90407
90488
90491
90495
90498
90504
90529
90546
90553
90596
90629
90640
90656
90685
90705
90764
90766
90777
90818
90830
90841
90870
90880
90886
90891
90903
90906
90918
90920
90928
90932
90998
91020
91040
91059
91069
91078
91085
91092
91095
91105
91122
91173
91195
91215
91225
91247
91270
91280
91308
91369
91376
91398
91482
91571
91573
91585
91594
91623
91625
91637
91688
91698
91714
91737
91746
91787
91879
91905
91911
91915
91980
91996
92013
92032
92051
92075
92099
92185
92207
92210
92255
92287
92352
92378
92384
92404
92409
92448
92454
92507
92526
92559
92575
92604
92619
92688
92701
92727
92782
92793
92824
92831
92851
92854
92864
92878
92884
92897
92903
92910
92952
93024
93026
93067
93092
93123
93161
93247
93329
93348
93360
93458
93473
93503
93542
93568
93588
93611
93641
93645
93679
93687
93706
93754
93757
93800
93804
93817
93830
93866
93912
93942
94014
94065
94073
94083
94113
94115
94142
94173
94193
94198
94224
94340
94346
94426
94438
94460
94504
94515
94537
94583
94596
94628
94648
94660
94678
94693
94722
94775
94803
94811
94818
94823
94856
94864
94966
94971
94988
95005
95066
95080
95098
95108
95120
95124
95133
95192
95220
95230
95239
95253
95314
95316
95318
95320
95375
95381
95409
95446
95460
95500
95519
95552
95596
95609
95629
95652
95692
95707
95759
95771
95791
95798
95810
95838
95841
95852
95904
95936
95940
95973
96036
96090
96102
96135
96140
96179
96241
96248
96252
96262
96290
96293
96309
96347
96359
96376
96432
96438
96449
96500
96511
96516
96563
96597
96611
96632
96666
96675
96730
96737
96756
96770
96796
96840
96849
96899
96914
96932
96943
96946
96960
96985
97027
97049
97081
97100
97166
97169
97184
97227
97232
97297
97305
97326
97332
97366
97432
97440
97443
97499
97502
97551
97568
97580
97599
97603
97634
97648
97652
97658
97675
97688
97701
97716
97729
97744
97760
97770
97791
97798
97803
97812
97863
97916
97976
97982
98020
98053
98116
98274
98314
98320
98358
98414
98435
98458
98482
98498
98544
98551
98628
98678
98734
98768
98770
98788
98813
98841
98853
98860
98887
98889
98904
98910
98940
99005
99010
99020
99051
99088
99097
99114
99134
99151
99156
99180
99196
99206
99231
99238
99242
99294
99323
99329
99340
99348
99351
99363
99387
99399
99403
99426
99447
99454
99468
99484
99504
99530
99592
99615
99623
99673
99680
99689
99705
99730
99852
99858
99896
99911
99913
99928
99938
99957
99965
99983
100013
100045
100055
100070
100095
100098
100138
100220
100231
100253
100257
100264
100272
100274
100292
100303
100351
100362
100369
100425
100441
100454
100480
100485
100488
100655
100758
100765
100772
100811
100820
100882
100903
100909
100925
100947
100990
101034
101050
101066
101123
101136
101143
101230
101251
101320
101357
101381
101404
101406
101438
101459
101476
101529
101557
101594
101656
101658
101727
101729
101768
101847
101860
101864
101876
101883
101894
101900
101926
101930
101934
101989
102014
102056
102072
