
1648825703832
1648831858555
1648841523370
1648851191244
1648851197064
1648852921304
1648853002496
1648854934345
1648855427375
1648855720409
1648855872883
1648856083875
1648856456515
1648875412968
1648895274701
1648895335378
1648897608197
1648903399940
1648903414072
1648903415466
1648903643542
1648903671232
1648903806764
1648903823252
1648903862021
1648903874287
1648904045983
1648904100214
1648904715453
1648904723405
1648904724148
1648905038422
1648905052449
1648905300551
1648905311673
1648905332779
1648905355584
1648905378126
1648905648170
1648905669731
1648905671756
1648905720456
1648905726972
1648905852194
1648905982832
1648906009437
1648906397309
1648906425828
1648906777685
1648906795764
1648906893079
1648907029342
1648907038076
1648907115432
1648907125825
1648907343140
1648907360786
1648907494695
1648907534685
1648907584041
1648907624181
1648907640555
1648907693333
1648907773168
1648908070429
1648908096829
1648908102672
1648908192783
1648908202710
1648908671651
1648908824557
1648909014780
1648909091023
1648909298882
1648909307594
1648909469183
1648909496216
1648909541473
1648909559512
1648909757362
1648909765244
1648909773329
1648909837503
1648910438856
1648910450581
1648910595412
1648910627624
1648910647588
1648910820264
1648910860619
1648911126975
1648911178180
1648911179141
1648911230900
1648911330396
1648911374467
1648911382670
1648912174095
1648912197254
1648912197827
1648912198379
1648912441911
1648912455713
1648912482563
1648912621969
1648912622521
1648912722684
1648912854834
1648912879036
1648913247494
1648913267934
1648913707325
1648913809520
1648913820132
1648914044474
1648914059444
1648914230174
1648914497900
1648914520736
1648914531259
1648914531841
1648914537860
1648914700262
1648914716730
1648915293959
1648915349136
1648915380012
1648915658707
1648915691141
1648915823980
1648915909120
1648916080604
1648916115573
1648916268561
1648916641429
1648916677483
1648916891712
1648917091177
1648917108230
1648917109492
1648917109907
1648917110289
1648917182511
1648917228200
1648917258158
1648917438198
1648917463895
1648917465745
1648917511561
1648917572456
1648917582033
1648917629987
1648917903920
1648917950636
1648918269089
1648918362240
1648918386214
1648918395550
1648919420914
1648919464419
1648919467810
1648919798705
1648919971596
1648920385370
1648920437820
1648920479865
1648920496457
1648921500105
1648921760491
1648921776427
1648921853136
1648921924218
1648924102215
1648924115986
1648925820909
1648925876778
1648925987531
1648926017301
1648926476653
1648926494526
1648926496554
1648926703263
1648926795369
1648926914974
1648926955186
1648927111502
1648927152356
1648927418031
1648927435147
1648927441423
1648927451509
1648928002485
1648928020076
1648928558801
1648928561462
1648928629035
1648928800212
1648928814081
1648928816093
1648928849068
1648928907496
1648928908747
1648928909586
1648928954302
1648929013901
1648929089674
1648929286132
1648929418875
1648929543669
1648929570174
1648929582212
1648929748615
1648929830416
1648929851870
1648929853017
1648930102998
1648930152456
1648930688354
1648930693295
1648930926394
1648930936650
1648930948697
1648931011703
1648931032471
1648931125357
1648931636738
1648932045088
1648932056026
1648933236384
1648933256531
1648933703231
1648933738259
1648933846125
1648933930292
1648934161343
1648934312609
1648934556349
1648934627745
1648934877286
1648934905977
1648935252143
1648935253504
1648935263180
1648935264694
1648935389809
1648935394326
1648936661882
1648936820540
1648936963564
1648937033608
1648937734837
1648937779160
1648937838725
1648937921099
1648938027511
1648938950494
1648938968866
1648939378506
1648939492842
1648940460600
1648940483648
1648940773587
1648940782701
1648940804329
1648940812903
1648940822964
1648940844222
1648940893967
1648940947433
1648941045651
1648941079317
1648941334443
1648941346367
1648941627529
1648941666036
1648942596394
1648942855071
1648942950510
1648943080756
1648943104417
1648943155991
1648943353406
1648943625789
1648943635992
1648943771682
1648943785226
1648943847249
1648943958692
1648947883249
1648948290639
1648948394134
1648948622461
1648948950923
1648948988644
1648949408181
1648949437002
1648949535544
1648949584191
1648949638912
1648949648212
1648949794239
1648950048560
1648950152214
1648950168298
1648952497719
1648952615103
1648952721568
1648952802344
1648952836071
1648953165182
1648953409244
1648953980196
1648954979583
1648955192809
1648955630742
1648956286441
1648956523127
1648957546331
1648957675130
1648957737749
1648957769177
1648963263790
1648963569428
1648964075518
1648964802903
1648965079371
1648965100680
1648965626030
1648965698038
1648967916389
1648968070875
1648969511009
1648969567210
1648970489392
1648970580540
1648970591753
1648971426889
1648971477014
1648971734563
1648971832472
1648972014425
1648973384951
1648973638417
1648973655884
1648973656825
1648974020912
1648974072179
1648974192855
1648974233754
1648974899383
1648974915323
1648974924222
1648974925308
1648975203545
1648975305574
1648975426151
1648975511628
1648975708517
1648975823056
1648976006322
1648976510575
1648976683646
1648976883662
1648977282747
1648977325755
1648977446538
1648977626774
1648978269790
1648980003516
1648980128484
1648980721455
1648980874420
1648982110986
1648982357154
1648982646922
1648983277692
1648983340501
1648984200582
1648984388015
1648984820764
1648984828506
1648985106671
1648985159694
1648985334462
1648985367863
1648986861605
1648986872252
1648986872480
1648987028625
1648987082738
1648987808311
1648987972763
1648989390448
1648989406029
1648990069912
1648990577210
1648991257306
1648991293203
1648991536289
1648992183757
1648992594637
1648992794018
1648992971251
1648993205338
1648993291377
1648993579029
1648993604000
1648993616958
1648996205624
1648996376967
1648996643394
1648997226233
1648997715862
1648997946311
1648998141529
1648998408477
1648998415972
1648999273835
1648999445486
1648999446634
1648999671180
1648999731307
1649000847548
1649000917946
1649000952930
1649001429272
1649001456047
1649002050786
1649002155186
1649003011256
1649003968161
1649004026804
1649004525787
1649004753203
1649004943217
1649004953702
1649005557823
1649005930824
1649005963345
1649006149526
1649006893339
1649007011622
1649007752773
1649007755573
1649009440567
1649009488581
1649010122797
1649010186626
1649010485108
1649010704562
1649010881328
1649012082811
1649012141669
1649012165076
1649013364231
1649013445029
1649013643299
1649013852271
1649014127382
1649014567682
1649015314145
1649015336300
1649017364103
1649017805041
1649018056367
1649019554029
1649019575058
1649020747869
1649020760966
1649020921650
1649020934195
1649021269657
1649021274504
1649021401412
1649021426047
1649021427235
1649023046512
1649023242531
1649023437376
1649025296069
1649028261899
1649028792041
1649028926020
1649029340720
1649034521439
1649038994687
1649041906112
1649043245059
1649044206982
1649044263187
1649044264208
1649045452864
1649047450286
1649050224045
1649056370521
1649056383385
1649059387726
1649060778458
1649061106901
1649061550091
1649061568714
1649061582804
1649061632999
1649062031193
1649062161530
1649062664637
1649062690378
1649063688202
1649065738292
1649066314259
1649068719955
1649068891596
1649068917276
1649071212469
1649071452587
1649074805731
1649074816964
1649075547282
1649075602944
1649076017270
1649077142180
1649077161135
1649077187787
1649077223210
1649077530562
1649077626578
1649077956659
1649077973447
1649078792919
1649080848940
1649081934742
1649082079874
1649084311392
1649084566406
1649084754512
1649085198134
1649085562707
1649086408751
1649086439739
1649086471367
1649088023126
1649088090728
1649089091855
1649089123145
1649089177539
1649089759617
1649089949666
1649090569781
1649092357519
1649092384815
1649093431452
1649093685786
1649094329304
1649094888968
1649094924261
1649094978836
1649094994130
1649095033707
1649095043427
1649095392422
1649095440179
1649095833837
1649095875119
1649095938757
1649096672134
1649097726449
1649097834079
1649098522811
1649098584621
1649098893080
1649099797284
1649100035701
1649100202132
1649100225201
1649100517140
1649102117084
1649103618410
1649103876131
1649103951652
1649104341730
1649104341859
1649104378368
1649104522864
1649104541990
1649105768159
1649106125189
1649106133562
1649106437774
1649106663361
1649106698531
1649107123153
1649107158233
1649107284883
1649107296910
1649108223951
1649108255935
1649108616409
1649108627687
1649109127174
1649109503118
1649109551174
1649109597690
1649109915839
1649110045247
1649110448836
1649110498832
1649110555704
1649111591653
1649112336876
1649112504196
